http://www.missiongas.com/,2,automotive companies in San Diego
http://www.missiongas.com/,2,automotive companies in San Diego
